Pareto Frontier(n=54, p=2):
Pareto Frontier:
Solution: [22, 22, 22, 22, 22, 22, 22, 22, 22, 22, 22, 22, 22, 22, 22, 22, 22, 22, 22, 22, 22, 22, 22, 22, 22, 22, 22, 22, 22, 22, 22, 22, 43, 43, 43, 43, 43, 43, 43, 43, 43, 43, 43, 43, 43, 43, 43, 43, 43, 43, 43, 43, 43, 43]
Hubs:  [43, 22]
Cost of solutions: 42221241.83481987
Time of solutions: 491.765

Solution: [23, 23, 23, 23, 23, 23, 23, 23, 23, 23, 23, 23, 23, 23, 23, 23, 23, 23, 23, 23, 23, 23, 23, 23, 23, 23, 23, 23, 23, 23, 23, 23, 23, 43, 43, 43, 43, 43, 43, 43, 43, 43, 43, 43, 43, 43, 43, 43, 43, 43, 43, 43, 43, 43]
Hubs:  [43, 23]
Cost of solutions: 45145075.07297996
Time of solutions: 489.14500000000004

Solution: [23, 23, 23, 23, 23, 23, 23, 23, 23, 23, 23, 23, 23, 23, 23, 23, 23, 23, 23, 23, 23, 23, 23, 23, 23, 23, 23, 23, 23, 23, 23, 23, 23, 44, 44, 44, 44, 44, 44, 44, 44, 44, 44, 44, 44, 44, 44, 44, 44, 44, 44, 44, 44, 44]
Hubs:  [44, 23]
Cost of solutions: 45219724.90741989
Time of solutions: 485.58500000000004

Solution: [18, 18, 18, 18, 18, 18, 18, 18, 18, 18, 18, 18, 18, 18, 18, 18, 18, 18, 18, 18, 18, 18, 18, 18, 18, 18, 18, 18, 18, 18, 18, 18, 45, 45, 45, 45, 45, 45, 45, 45, 45, 45, 45, 45, 45, 45, 45, 45, 45, 45, 45, 45, 45, 45]
Hubs:  [18, 45]
Cost of solutions: 39033734.13922007
Time of solutions: 518.675

Solution: [21, 21, 21, 21, 21, 21, 21, 21, 21, 21, 21, 21, 21, 21, 21, 21, 21, 21, 21, 21, 21, 21, 21, 21, 21, 21, 21, 21, 21, 21, 21, 41, 41, 41, 41, 41, 41, 41, 41, 41, 41, 41, 41, 41, 41, 41, 41, 41, 41, 41, 41, 41, 41, 41]
Hubs:  [41, 21]
Cost of solutions: 41203153.375140086
Time of solutions: 498.49

Solution: [8, 8, 8, 8, 8, 8, 8, 8, 8, 8, 8, 8, 8, 8, 8, 8, 8, 8, 8, 8, 8, 8, 8, 8, 8, 8, 8, 39, 39, 39, 39, 39, 39, 39, 39, 39, 39, 39, 39, 39, 39, 39, 39, 39, 39, 39, 39, 39, 39, 39, 39, 39, 39, 39]
Hubs:  [8, 39]
Cost of solutions: 29947626.030800022
Time of solutions: 581.18

Solution: [20, 20, 20, 20, 20, 20, 20, 20, 20, 20, 20, 20, 20, 20, 20, 20, 20, 20, 20, 20, 20, 20, 20, 20, 20, 20, 20, 20, 20, 20, 20, 20, 44, 44, 44, 44, 44, 44, 44, 44, 44, 44, 44, 44, 44, 44, 44, 44, 44, 44, 44, 44, 44, 44]
Hubs:  [20, 44]
Cost of solutions: 40744138.65165994
Time of solutions: 503.34499999999997

Solution: [23, 23, 23, 23, 23, 23, 23, 23, 23, 23, 23, 23, 23, 23, 23, 23, 23, 23, 23, 23, 23, 23, 23, 23, 23, 23, 23, 23, 23, 23, 23, 23, 23, 45, 45, 45, 45, 45, 45, 45, 45, 45, 45, 45, 45, 45, 45, 45, 45, 45, 45, 45, 45, 45]
Hubs:  [45, 23]
Cost of solutions: 45532545.063979894
Time of solutions: 482.18499999999995

Solution: [20, 20, 20, 20, 20, 20, 20, 20, 20, 20, 20, 20, 20, 20, 20, 20, 20, 20, 20, 20, 20, 20, 20, 20, 20, 20, 20, 20, 20, 20, 20, 20, 43, 43, 43, 43, 43, 43, 43, 43, 43, 43, 43, 43, 43, 43, 43, 43, 43, 43, 43, 43, 43, 43]
Hubs:  [43, 20]
Cost of solutions: 40624713.73997994
Time of solutions: 506.92999999999995

Solution: [8, 8, 8, 8, 8, 8, 8, 8, 8, 8, 8, 8, 8, 8, 8, 8, 8, 8, 8, 8, 8, 8, 8, 8, 8, 8, 8, 8, 8, 44, 44, 44, 44, 44, 44, 44, 44, 44, 44, 44, 44, 44, 44, 44, 44, 44, 44, 44, 44, 44, 44, 44, 44, 44]
Hubs:  [8, 44]
Cost of solutions: 30731845.65316009
Time of solutions: 555.625

Solution: [8, 8, 8, 8, 8, 8, 8, 8, 8, 8, 8, 8, 8, 8, 8, 8, 8, 8, 8, 8, 8, 8, 8, 8, 8, 8, 8, 8, 8, 43, 43, 43, 43, 43, 43, 43, 43, 43, 43, 43, 43, 43, 43, 43, 43, 43, 43, 43, 43, 43, 43, 43, 43, 43]
Hubs:  [8, 43]
Cost of solutions: 30474466.20562009
Time of solutions: 559.11

Solution: [17, 17, 17, 17, 17, 17, 17, 17, 17, 17, 17, 17, 17, 17, 17, 17, 17, 17, 17, 17, 17, 17, 17, 17, 17, 17, 17, 17, 17, 17, 17, 43, 43, 43, 43, 43, 43, 43, 43, 43, 43, 43, 43, 43, 43, 43, 43, 43, 43, 43, 43, 43, 43, 43]
Hubs:  [17, 43]
Cost of solutions: 37379569.871419996
Time of solutions: 521.5350000000001

Solution: [14, 14, 14, 14, 14, 14, 14, 14, 14, 14, 14, 14, 14, 14, 14, 14, 14, 14, 14, 14, 14, 14, 14, 14, 14, 14, 14, 14, 14, 40, 40, 40, 40, 40, 40, 40, 40, 40, 40, 40, 40, 40, 40, 40, 40, 40, 40, 40, 40, 40, 40, 40, 40, 40]
Hubs:  [40, 14]
Cost of solutions: 33940337.65008004
Time of solutions: 531.5799999999999

Solution: [11, 11, 11, 11, 11, 11, 11, 11, 11, 11, 11, 11, 11, 11, 11, 11, 11, 11, 11, 11, 11, 11, 11, 11, 11, 11, 11, 11, 11, 41, 41, 41, 41, 41, 41, 41, 41, 41, 41, 41, 41, 41, 41, 41, 41, 41, 41, 41, 41, 41, 41, 41, 41, 41]
Hubs:  [41, 11]
Cost of solutions: 31483254.493760005
Time of solutions: 541.46

Solution: [7, 7, 7, 7, 7, 7, 7, 7, 7, 7, 7, 7, 7, 7, 7, 7, 7, 7, 7, 7, 7, 7, 7, 7, 7, 7, 7, 7, 7, 41, 41, 41, 41, 41, 41, 41, 41, 41, 41, 41, 41, 41, 41, 41, 41, 41, 41, 41, 41, 41, 41, 41, 41, 41]
Hubs:  [41, 7]
Cost of solutions: 29544201.51992004
Time of solutions: 582.645

Solution: [4, 4, 4, 4, 4, 4, 4, 4, 4, 4, 4, 4, 4, 4, 4, 4, 4, 4, 4, 4, 4, 4, 4, 4, 4, 4, 4, 40, 40, 40, 40, 40, 40, 40, 40, 40, 40, 40, 40, 40, 40, 40, 40, 40, 40, 40, 40, 40, 40, 40, 40, 40, 40, 40]
Hubs:  [40, 4]
Cost of solutions: 28741786.334639993
Time of solutions: 600.015

Solution: [5, 5, 5, 5, 5, 5, 5, 5, 5, 5, 5, 5, 5, 5, 5, 5, 5, 5, 5, 5, 5, 5, 5, 5, 5, 5, 5, 40, 40, 40, 40, 40, 40, 40, 40, 40, 40, 40, 40, 40, 40, 40, 40, 40, 40, 40, 40, 40, 40, 40, 40, 40, 40, 40]
Hubs:  [40, 5]
Cost of solutions: 28790111.981200017
Time of solutions: 594.65

Solution: [5, 5, 5, 5, 5, 5, 5, 5, 5, 5, 5, 5, 5, 5, 5, 5, 5, 5, 5, 5, 5, 5, 5, 5, 5, 5, 5, 40, 40, 40, 40, 40, 40, 40, 40, 40, 40, 40, 40, 40, 40, 40, 40, 40, 40, 40, 40, 40, 40, 40, 40, 40, 40, 40]
Hubs:  [40, 5]
Cost of solutions: 28790111.981200017
Time of solutions: 594.65

Solution: [4, 4, 4, 4, 4, 4, 4, 4, 4, 4, 4, 4, 4, 4, 4, 4, 4, 4, 4, 4, 4, 4, 4, 4, 4, 4, 4, 40, 40, 40, 40, 40, 40, 40, 40, 40, 40, 40, 40, 40, 40, 40, 40, 40, 40, 40, 40, 40, 40, 40, 40, 40, 40, 40]
Hubs:  [40, 4]
Cost of solutions: 28741786.334639993
Time of solutions: 600.015

Solution: [7, 7, 7, 7, 7, 7, 7, 7, 7, 7, 7, 7, 7, 7, 7, 7, 7, 7, 7, 7, 7, 7, 7, 7, 7, 7, 7, 7, 40, 40, 40, 40, 40, 40, 40, 40, 40, 40, 40, 40, 40, 40, 40, 40, 40, 40, 40, 40, 40, 40, 40, 40, 40, 40]
Hubs:  [40, 7]
Cost of solutions: 29051880.608659975
Time of solutions: 588.245

Pareto Frontier(n=54, p=3):
Solution: [1, 1, 1, 1, 1, 1, 1, 1, 1, 1, 1, 22, 22, 22, 22, 22, 22, 22, 22, 22, 22, 22, 22, 22, 22, 22, 22, 22, 22, 22, 22, 22, 22, 22, 47, 47, 47, 47, 47, 47, 47, 47, 47, 47, 47, 47, 47, 47, 47, 47, 47, 47, 47, 47]
Hubs:  [1, 22, 47]
Cost of solutions: 22267669.47837998
Time of solutions: 511.4150000000001

Solution: [5, 5, 5, 5, 5, 5, 5, 5, 5, 5, 5, 5, 5, 5, 5, 5, 5, 5, 5, 5, 5, 5, 30, 30, 30, 30, 30, 30, 30, 30, 30, 30, 30, 30, 30, 30, 30, 30, 30, 47, 47, 47, 47, 47, 47, 47, 47, 47, 47, 47, 47, 47, 47, 47]
Hubs:  [5, 30, 47]
Cost of solutions: 25054754.92919999
Time of solutions: 504.135

Solution: [4, 4, 4, 4, 4, 4, 4, 4, 4, 4, 4, 4, 4, 4, 4, 4, 4, 4, 4, 4, 4, 4, 30, 30, 30, 30, 30, 30, 30, 30, 30, 30, 30, 30, 30, 30, 30, 30, 30, 47, 47, 47, 47, 47, 47, 47, 47, 47, 47, 47, 47, 47, 47, 47]
Hubs:  [4, 30, 47]
Cost of solutions: 24928015.752900016
Time of solutions: 509.935

Solution: [7, 7, 7, 7, 7, 7, 7, 7, 7, 7, 7, 7, 7, 7, 7, 7, 7, 7, 7, 7, 7, 7, 30, 30, 30, 30, 30, 30, 30, 30, 30, 30, 30, 30, 30, 30, 30, 30, 30, 47, 47, 47, 47, 47, 47, 47, 47, 47, 47, 47, 47, 47, 47, 47]
Hubs:  [47, 30, 7]
Cost of solutions: 25588349.9254
Time of solutions: 486.245

Solution: [12, 12, 12, 12, 12, 12, 12, 12, 12, 12, 12, 12, 12, 12, 12, 12, 12, 12, 12, 12, 12, 12, 12, 12, 30, 30, 30, 30, 30, 30, 30, 30, 30, 30, 30, 30, 30, 30, 30, 47, 47, 47, 47, 47, 47, 47, 47, 47, 47, 47, 47, 47, 47, 47]
Hubs:  [12, 30, 47]
Cost of solutions: 29492651.41505998
Time of solutions: 451.96000000000004

Solution: [1, 1, 1, 1, 1, 1, 1, 1, 1, 17, 17, 17, 17, 17, 17, 17, 17, 17, 17, 17, 17, 17, 17, 17, 17, 17, 17, 17, 17, 40, 40, 40, 40, 40, 40, 40, 40, 40, 40, 40, 40, 40, 40, 40, 40, 40, 40, 40, 40, 40, 40, 40, 40, 40]
Hubs:  [40, 1, 17]
Cost of solutions: 21166299.463920075
Time of solutions: 531.5799999999999

Solution: [6, 6, 6, 6, 6, 6, 6, 6, 6, 6, 6, 6, 6, 6, 6, 6, 6, 6, 6, 6, 6, 6, 30, 30, 30, 30, 30, 30, 30, 30, 30, 30, 30, 30, 30, 30, 30, 30, 30, 47, 47, 47, 47, 47, 47, 47, 47, 47, 47, 47, 47, 47, 47, 47]
Hubs:  [47, 6, 30]
Cost of solutions: 25233916.976299983
Time of solutions: 498.245

Pareto Frontier(n=54, p=4):
Solution: [1, 1, 1, 1, 1, 1, 1, 1, 1, 1, 1, 22, 22, 22, 22, 22, 22, 22, 22, 22, 22, 22, 22, 22, 22, 22, 22, 22, 22, 22, 22, 40, 40, 40, 40, 40, 40, 40, 40, 40, 40, 40, 40, 40, 40, 40, 40, 40, 40, 54, 54, 54, 54, 54]
Hubs:  [40, 1, 22, 54]
Cost of solutions: 17430447.44670003
Time of solutions: 488.37

Solution: [1, 1, 1, 1, 1, 1, 1, 1, 1, 17, 17, 17, 17, 17, 17, 17, 17, 17, 17, 17, 17, 17, 17, 17, 17, 17, 17, 17, 17, 40, 40, 40, 40, 40, 40, 40, 40, 40, 40, 40, 40, 40, 47, 47, 47, 47, 47, 47, 47, 47, 47, 47, 47, 47]
Hubs:  [40, 1, 17, 47]
Cost of solutions: 18401605.310000002
Time of solutions: 471.05500000000006

Solution: [2, 2, 2, 2, 2, 2, 2, 2, 2, 2, 2, 22, 22, 22, 22, 22, 22, 22, 22, 22, 22, 22, 22, 22, 22, 22, 22, 22, 22, 22, 22, 40, 40, 40, 40, 40, 40, 40, 40, 40, 40, 40, 47, 47, 47, 47, 47, 47, 47, 47, 47, 47, 47, 47]
Hubs:  [40, 2, 22, 47]
Cost of solutions: 18537404.186839946
Time of solutions: 465.005

Solution: [5, 5, 5, 5, 5, 5, 5, 5, 5, 5, 17, 17, 17, 17, 17, 17, 17, 17, 17, 17, 17, 17, 17, 17, 30, 30, 30, 30, 30, 30, 30, 30, 30, 30, 30, 30, 30, 30, 30, 47, 47, 47, 47, 47, 47, 47, 47, 47, 47, 47, 47, 47, 47, 47]
Hubs:  [17, 5, 30, 47]
Cost of solutions: 20050783.281020038
Time of solutions: 435.895

Solution: [1, 1, 1, 1, 1, 1, 1, 12, 12, 12, 12, 12, 12, 12, 12, 12, 12, 12, 12, 12, 12, 12, 12, 12, 30, 30, 30, 30, 30, 30, 30, 30, 30, 30, 30, 30, 30, 30, 30, 47, 47, 47, 47, 47, 47, 47, 47, 47, 47, 47, 47, 47, 47, 47]
Hubs:  [1, 12, 30, 47]
Cost of solutions: 18624414.012119975
Time of solutions: 451.96000000000004

Solution: [2, 2, 2, 2, 2, 2, 2, 2, 15, 15, 15, 15, 15, 15, 15, 15, 15, 15, 15, 15, 15, 15, 15, 15, 30, 30, 30, 30, 30, 30, 30, 30, 30, 30, 30, 30, 30, 30, 30, 47, 47, 47, 47, 47, 47, 47, 47, 47, 47, 47, 47, 47, 47, 47]
Hubs:  [2, 47, 30, 15]
Cost of solutions: 18829132.581599977
Time of solutions: 440.235

Solution: [15, 15, 15, 15, 15, 15, 15, 15, 15, 15, 15, 15, 15, 15, 15, 15, 15, 15, 15, 15, 15, 15, 15, 15, 30, 30, 30, 30, 30, 30, 30, 30, 30, 30, 30, 30, 30, 30, 30, 47, 47, 47, 47, 47, 47, 47, 47, 47, 47, 47, 54, 54, 54, 54]
Hubs:  [54, 47, 30, 15]
Cost of solutions: 29783556.83620007
Time of solutions: 433.47499999999997

Pareto Frontier(n=54, p=5):
Solution: [3, 3, 3, 3, 3, 3, 3, 3, 3, 15, 15, 15, 15, 15, 15, 15, 15, 15, 15, 15, 15, 15, 27, 27, 27, 27, 27, 27, 27, 27, 27, 27, 27, 40, 40, 40, 40, 40, 40, 40, 40, 40, 47, 47, 47, 47, 47, 47, 47, 47, 47, 47, 47, 47]
Hubs:  [3, 40, 47, 15, 27]
Cost of solutions: 16108617.05580001
Time of solutions: 443.135

Solution: [1, 1, 1, 1, 1, 1, 1, 12, 12, 12, 12, 12, 12, 12, 12, 12, 12, 12, 12, 12, 12, 12, 27, 27, 27, 27, 27, 27, 27, 27, 27, 27, 27, 40, 40, 40, 40, 40, 40, 40, 40, 40, 40, 40, 40, 40, 40, 40, 40, 54, 54, 54, 54, 54]
Hubs:  [1, 40, 12, 54, 27]
Cost of solutions: 14731220.26094002
Time of solutions: 459.0

Solution: [1, 1, 1, 1, 1, 1, 1, 1, 1, 1, 1, 22, 22, 22, 22, 22, 22, 22, 22, 22, 22, 22, 22, 22, 22, 22, 22, 22, 22, 22, 22, 40, 40, 40, 40, 40, 40, 40, 40, 40, 40, 40, 47, 47, 47, 47, 47, 47, 47, 47, 54, 54, 54, 54]
Hubs:  [1, 40, 47, 54, 22]
Cost of solutions: 16062674.955239981
Time of solutions: 444.33

Solution: [7, 7, 7, 7, 7, 7, 7, 7, 7, 7, 7, 17, 17, 17, 17, 17, 17, 17, 17, 17, 17, 17, 17, 17, 30, 30, 30, 30, 30, 30, 30, 30, 30, 30, 30, 30, 30, 30, 30, 47, 47, 47, 47, 47, 47, 47, 47, 47, 47, 47, 54, 54, 54, 54]
Hubs:  [7, 47, 17, 54, 30]
Cost of solutions: 19375963.303279977
Time of solutions: 402.92

Solution: [6, 6, 6, 6, 6, 6, 6, 6, 6, 6, 6, 17, 17, 17, 17, 17, 17, 17, 17, 17, 17, 17, 17, 17, 30, 30, 30, 30, 30, 30, 30, 30, 30, 30, 30, 30, 30, 30, 30, 47, 47, 47, 47, 47, 47, 47, 47, 47, 47, 47, 54, 54, 54, 54]
Hubs:  [6, 47, 17, 54, 30]
Cost of solutions: 18264496.11220003
Time of solutions: 413.135

Solution: [4, 4, 4, 4, 4, 4, 4, 4, 4, 15, 15, 15, 15, 15, 15, 15, 15, 15, 15, 15, 15, 15, 15, 15, 30, 30, 30, 30, 30, 30, 30, 30, 30, 30, 30, 30, 30, 30, 30, 47, 47, 47, 47, 47, 47, 47, 47, 47, 47, 47, 54, 54, 54, 54]
Hubs:  [4, 47, 15, 54, 30]
Cost of solutions: 17090106.87474001
Time of solutions: 419.615

Solution: [5, 5, 5, 5, 5, 5, 5, 5, 12, 12, 12, 12, 12, 12, 12, 12, 12, 12, 12, 12, 12, 12, 27, 27, 27, 27, 27, 27, 27, 27, 27, 27, 27, 40, 40, 40, 40, 40, 40, 40, 40, 40, 40, 40, 40, 40, 40, 40, 40, 54, 54, 54, 54, 54]
Hubs:  [5, 40, 12, 54, 27]
Cost of solutions: 16046354.630060006
Time of solutions: 447.17

Solution: [1, 1, 1, 1, 1, 1, 1, 1, 1, 17, 17, 17, 17, 17, 17, 17, 17, 17, 17, 17, 17, 17, 17, 17, 30, 30, 30, 30, 30, 30, 30, 30, 30, 30, 30, 30, 30, 30, 30, 47, 47, 47, 47, 47, 47, 47, 47, 47, 47, 47, 54, 54, 54, 54]
Hubs:  [1, 47, 17, 54, 30]
Cost of solutions: 16424852.329299986
Time of solutions: 429.74

Pareto Frontier(n=54, p=6):
Solution: [1, 1, 1, 1, 1, 1, 1, 12, 12, 12, 12, 12, 12, 12, 12, 12, 12, 22, 22, 22, 22, 22, 22, 22, 22, 22, 22, 22, 22, 34, 34, 34, 34, 34, 34, 34, 34, 34, 34, 34, 47, 47, 47, 47, 47, 47, 47, 47, 47, 47, 54, 54, 54, 54]
Hubs:  [1, 34, 12, 47, 22, 54]
Cost of solutions: 13132487.471359998
Time of solutions: 414.96000000000004

Solution: [5, 5, 5, 5, 5, 5, 5, 5, 12, 12, 12, 12, 12, 12, 12, 12, 12, 22, 22, 22, 22, 22, 22, 22, 22, 22, 30, 30, 30, 30, 30, 30, 30, 30, 30, 30, 30, 30, 30, 47, 47, 47, 47, 47, 47, 47, 47, 47, 47, 47, 54, 54, 54, 54]
Hubs:  [5, 12, 47, 22, 54, 30]
Cost of solutions: 15710689.750620024
Time of solutions: 398.27500000000003

Solution: [5, 5, 5, 5, 5, 5, 5, 5, 12, 12, 12, 12, 12, 12, 12, 12, 12, 12, 12, 12, 12, 12, 27, 27, 27, 27, 27, 27, 27, 27, 34, 34, 34, 34, 34, 34, 34, 34, 34, 34, 47, 47, 47, 47, 47, 47, 47, 47, 47, 47, 54, 54, 54, 54]
Hubs:  [34, 5, 12, 47, 54, 27]
Cost of solutions: 14889438.992100034
Time of solutions: 403.13

Solution: [1, 1, 1, 1, 1, 1, 1, 1, 1, 17, 17, 17, 17, 17, 17, 17, 17, 17, 17, 17, 17, 17, 17, 17, 30, 30, 30, 30, 30, 30, 30, 30, 30, 30, 40, 40, 40, 40, 40, 40, 40, 40, 47, 47, 47, 47, 47, 47, 47, 47, 54, 54, 54, 54]
Hubs:  [1, 40, 47, 17, 54, 30]
Cost of solutions: 13874826.96342
Time of solutions: 429.74

Pareto Frontier(n=54, p=7):
Solution: [5, 5, 5, 5, 5, 5, 5, 5, 12, 12, 12, 12, 12, 12, 17, 17, 17, 17, 17, 17, 17, 17, 17, 17, 30, 30, 30, 30, 30, 30, 30, 30, 30, 30, 40, 40, 40, 40, 40, 40, 40, 40, 47, 47, 47, 47, 47, 47, 47, 47, 54, 54, 54, 54]
Hubs:  [5, 40, 12, 47, 17, 54, 30]
Cost of solutions: 13932609.308260001
Time of solutions: 402.225

Solution: [1, 1, 1, 5, 5, 5, 5, 5, 5, 5, 17, 17, 17, 17, 17, 17, 17, 17, 17, 17, 17, 17, 17, 17, 30, 30, 30, 30, 30, 30, 30, 30, 30, 30, 40, 40, 40, 40, 40, 40, 40, 40, 47, 47, 47, 47, 47, 47, 47, 47, 54, 54, 54, 54]
Hubs:  [1, 5, 40, 47, 17, 54, 30]
Cost of solutions: 12972411.888519995
Time of solutions: 412.755

Solution: [1, 1, 1, 1, 1, 1, 1, 12, 12, 12, 12, 12, 12, 12, 12, 12, 12, 22, 22, 22, 22, 22, 22, 22, 22, 22, 30, 30, 30, 30, 30, 30, 30, 30, 40, 40, 40, 40, 40, 40, 40, 40, 47, 47, 47, 47, 47, 47, 47, 47, 54, 54, 54, 54]
Hubs:  [1, 40, 12, 47, 22, 54, 30]
Cost of solutions: 11844744.224140026
Time of solutions: 414.96000000000004

Solution: [3, 3, 3, 3, 3, 3, 3, 3, 12, 12, 12, 12, 12, 12, 12, 12, 12, 22, 22, 22, 22, 22, 22, 22, 22, 22, 30, 30, 30, 30, 30, 30, 30, 30, 40, 40, 40, 40, 40, 40, 40, 40, 47, 47, 47, 47, 47, 47, 47, 47, 54, 54, 54, 54]
Hubs:  [3, 40, 12, 47, 22, 54, 30]
Cost of solutions: 12162777.72268001
Time of solutions: 411.30499999999995

Solution: [1, 1, 1, 1, 1, 1, 1, 12, 12, 12, 12, 12, 12, 12, 12, 12, 12, 22, 22, 22, 22, 22, 22, 22, 22, 22, 30, 30, 30, 30, 30, 30, 30, 30, 40, 40, 40, 40, 40, 40, 40, 40, 47, 47, 47, 47, 47, 47, 47, 47, 54, 54, 54, 54]
Hubs:  [1, 40, 12, 47, 22, 54, 30]
Cost of solutions: 11844744.224140026
Time of solutions: 414.96000000000004

Pareto Frontier(n=54, p=8):
Solution: [1, 1, 1, 1, 7, 7, 7, 7, 7, 12, 12, 12, 12, 12, 12, 12, 12, 22, 22, 22, 22, 22, 22, 22, 22, 22, 30, 30, 30, 30, 30, 30, 30, 30, 40, 40, 40, 40, 40, 40, 40, 40, 47, 47, 47, 47, 47, 47, 47, 47, 54, 54, 54, 54]
Hubs:  [1, 7, 40, 12, 47, 22, 54, 30]
Cost of solutions: 11058466.376400048
Time of solutions: 398.45000000000005

Solution: [2, 2, 2, 5, 5, 5, 7, 7, 7, 12, 12, 12, 12, 12, 12, 12, 12, 22, 22, 22, 22, 22, 22, 22, 22, 22, 30, 30, 30, 30, 30, 30, 30, 30, 30, 30, 30, 30, 30, 47, 47, 47, 47, 47, 47, 47, 47, 47, 47, 47, 54, 54, 54, 54]
Hubs:  [2, 5, 7, 12, 47, 22, 54, 30]
Cost of solutions: 13742050.565480014
Time of solutions: 389.42

Solution: [4, 4, 4, 4, 4, 7, 7, 7, 7, 12, 12, 12, 12, 12, 12, 12, 12, 22, 22, 22, 22, 22, 22, 22, 22, 22, 30, 30, 30, 30, 30, 30, 30, 30, 40, 40, 40, 40, 40, 40, 40, 40, 47, 47, 47, 47, 47, 47, 47, 47, 54, 54, 54, 54]
Hubs:  [4, 7, 40, 12, 47, 22, 54, 30]
Cost of solutions: 12335834.85442001
Time of solutions: 393.37

Pareto Frontier(n=54, p=9):
Solution: [2, 2, 2, 2, 7, 7, 7, 7, 7, 12, 12, 12, 12, 12, 12, 12, 12, 22, 22, 22, 22, 22, 22, 22, 27, 27, 27, 27, 27, 30, 30, 30, 30, 30, 40, 40, 40, 40, 40, 40, 40, 40, 47, 47, 47, 47, 47, 47, 47, 47, 54, 54, 54, 54]
Hubs:  [2, 7, 40, 12, 47, 22, 54, 27, 30]
Cost of solutions: 10754069.445580052
Time of solutions: 391.845

Solution: [2, 2, 2, 4, 4, 7, 7, 7, 7, 12, 12, 12, 12, 12, 12, 12, 12, 22, 22, 22, 22, 22, 22, 22, 22, 22, 30, 30, 30, 30, 30, 30, 30, 30, 40, 40, 40, 40, 40, 40, 40, 40, 47, 47, 47, 47, 47, 47, 47, 47, 54, 54, 54, 54]
Hubs:  [2, 4, 7, 40, 12, 47, 22, 54, 30]
Cost of solutions: 11254387.169500042
Time of solutions: 389.42

Solution: [1, 1, 4, 4, 4, 4, 4, 4, 12, 12, 12, 12, 12, 12, 12, 12, 12, 22, 22, 22, 22, 22, 22, 22, 27, 27, 27, 27, 27, 27, 34, 34, 34, 34, 34, 34, 34, 34, 40, 40, 40, 40, 47, 47, 47, 47, 47, 47, 47, 47, 54, 54, 54, 54]
Hubs:  [1, 34, 4, 40, 12, 47, 22, 54, 27]
Cost of solutions: 10118868.812880011
Time of solutions: 403.95

Solution: [1, 1, 1, 5, 5, 5, 5, 5, 12, 12, 12, 12, 12, 12, 17, 17, 17, 17, 17, 22, 22, 22, 22, 22, 27, 27, 27, 27, 27, 27, 27, 27, 27, 40, 40, 40, 40, 40, 40, 40, 40, 40, 47, 47, 47, 47, 47, 47, 47, 47, 54, 54, 54, 54]
Hubs:  [1, 5, 40, 12, 47, 17, 22, 54, 27]
Cost of solutions: 10663864.388740031
Time of solutions: 398.27500000000003

Solution: [1, 1, 1, 1, 7, 7, 7, 7, 7, 12, 12, 12, 12, 12, 12, 12, 12, 22, 22, 22, 22, 22, 22, 22, 27, 27, 27, 27, 27, 30, 30, 30, 30, 30, 40, 40, 40, 40, 40, 40, 40, 40, 47, 47, 47, 47, 47, 47, 47, 47, 54, 54, 54, 54]
Hubs:  [1, 7, 40, 12, 47, 22, 54, 27, 30]
Cost of solutions: 10383521.60912005
Time of solutions: 398.45000000000005

Pareto Frontier(n=54, p=10):
Solution: [2, 2, 2, 4, 4, 7, 7, 7, 7, 12, 12, 12, 12, 12, 12, 12, 12, 22, 22, 22, 22, 22, 22, 22, 27, 27, 27, 27, 27, 27, 34, 34, 34, 34, 34, 34, 34, 34, 40, 40, 40, 40, 47, 47, 47, 47, 47, 47, 47, 47, 54, 54, 54, 54]
Hubs:  [2, 34, 4, 7, 40, 12, 47, 22, 54, 27]
Cost of solutions: 10273272.62984003
Time of solutions: 389.42

Solution: [1, 1, 4, 4, 5, 5, 5, 5, 12, 12, 12, 12, 12, 12, 12, 12, 12, 22, 22, 22, 22, 22, 22, 22, 27, 27, 27, 27, 27, 27, 27, 37, 37, 37, 37, 37, 37, 37, 37, 40, 40, 40, 47, 47, 47, 47, 47, 47, 47, 47, 54, 54, 54, 54]
Hubs:  [1, 4, 5, 37, 40, 12, 47, 22, 54, 27]
Cost of solutions: 10118935.678820001
Time of solutions: 398.27500000000003

Solution: [1, 1, 1, 6, 6, 6, 6, 6, 6, 12, 12, 12, 12, 12, 17, 17, 17, 17, 17, 22, 22, 22, 22, 22, 27, 27, 27, 27, 27, 27, 34, 34, 34, 34, 34, 34, 34, 34, 40, 40, 40, 40, 47, 47, 47, 47, 47, 47, 47, 47, 54, 54, 54, 54]
Hubs:  [1, 34, 6, 40, 12, 47, 17, 22, 54, 27]
Cost of solutions: 9535124.278100012
Time of solutions: 401.195