Pareto Frontier(n=54, p=2):
Pareto Frontier:
Solution: [18, 18, 18, 18, 18, 18, 18, 18, 18, 18, 18, 18, 18, 18, 18, 18, 18, 18, 18, 18, 18, 18, 18, 18, 18, 18, 18, 18, 18, 18, 18, 43, 43, 43, 43, 43, 43, 43, 43, 43, 43, 43, 43, 43, 43, 43, 43, 43, 43, 43, 43, 43, 43, 43]
Hubs:  [18, 43]
Cost of solution: 38631059.92183994
Time of solution: 512.985

Solution: [22, 22, 22, 22, 22, 22, 22, 22, 22, 22, 22, 22, 22, 22, 22, 22, 22, 22, 22, 22, 22, 22, 22, 22, 22, 22, 22, 22, 22, 22, 22, 22, 43, 43, 43, 43, 43, 43, 43, 43, 43, 43, 43, 43, 43, 43, 43, 43, 43, 43, 43, 43, 43, 43]
Hubs:  [43, 22]
Cost of solution: 42221241.83481987
Time of solution: 491.765

Solution: [20, 20, 20, 20, 20, 20, 20, 20, 20, 20, 20, 20, 20, 20, 20, 20, 20, 20, 20, 20, 20, 20, 20, 20, 20, 20, 20, 20, 20, 20, 20, 41, 41, 41, 41, 41, 41, 41, 41, 41, 41, 41, 41, 41, 41, 41, 41, 41, 41, 41, 41, 41, 41, 41]
Hubs:  [41, 20]
Cost of solution: 40443417.07308005
Time of solution: 506.32

Solution: [8, 8, 8, 8, 8, 8, 8, 8, 8, 8, 8, 8, 8, 8, 8, 8, 8, 8, 8, 8, 8, 8, 8, 8, 8, 8, 8, 8, 8, 44, 44, 44, 44, 44, 44, 44, 44, 44, 44, 44, 44, 44, 44, 44, 44, 44, 44, 44, 44, 44, 44, 44, 44, 44]
Hubs:  [8, 44]
Cost of solution: 30731845.65316009
Time of solution: 555.625

Solution: [23, 23, 23, 23, 23, 23, 23, 23, 23, 23, 23, 23, 23, 23, 23, 23, 23, 23, 23, 23, 23, 23, 23, 23, 23, 23, 23, 23, 23, 23, 23, 23, 23, 43, 43, 43, 43, 43, 43, 43, 43, 43, 43, 43, 43, 43, 43, 43, 43, 43, 43, 43, 43, 43]
Hubs:  [43, 23]
Cost of solution: 45145075.07297996
Time of solution: 489.14500000000004

Solution: [9, 9, 9, 9, 9, 9, 9, 9, 9, 9, 9, 9, 9, 9, 9, 9, 9, 9, 9, 9, 9, 9, 9, 9, 9, 9, 9, 9, 9, 43, 43, 43, 43, 43, 43, 43, 43, 43, 43, 43, 43, 43, 43, 43, 43, 43, 43, 43, 43, 43, 43, 43, 43, 43]
Hubs:  [9, 43]
Cost of solution: 31052727.300739966
Time of solution: 546.355

Solution: [23, 23, 23, 23, 23, 23, 23, 23, 23, 23, 23, 23, 23, 23, 23, 23, 23, 23, 23, 23, 23, 23, 23, 23, 23, 23, 23, 23, 23, 23, 23, 23, 23, 46, 46, 46, 46, 46, 46, 46, 46, 46, 46, 46, 46, 46, 46, 46, 46, 46, 46, 46, 46, 46]
Hubs:  [46, 23]
Cost of solution: 45746005.98912
Time of solution: 480.42500000000007

Solution: [23, 23, 23, 23, 23, 23, 23, 23, 23, 23, 23, 23, 23, 23, 23, 23, 23, 23, 23, 23, 23, 23, 23, 23, 23, 23, 23, 23, 23, 23, 23, 23, 23, 44, 44, 44, 44, 44, 44, 44, 44, 44, 44, 44, 44, 44, 44, 44, 44, 44, 44, 44, 44, 44]
Hubs:  [44, 23]
Cost of solution: 45219724.90741989
Time of solution: 485.58500000000004

Solution: [7, 7, 7, 7, 7, 7, 7, 7, 7, 7, 7, 7, 7, 7, 7, 7, 7, 7, 7, 7, 7, 7, 7, 7, 7, 7, 7, 7, 7, 43, 43, 43, 43, 43, 43, 43, 43, 43, 43, 43, 43, 43, 43, 43, 43, 43, 43, 43, 43, 43, 43, 43, 43, 43]
Hubs:  [43, 7]
Cost of solution: 30040804.50276004
Time of solution: 570.0899999999999

Solution: [11, 11, 11, 11, 11, 11, 11, 11, 11, 11, 11, 11, 11, 11, 11, 11, 11, 11, 11, 11, 11, 11, 11, 11, 11, 11, 11, 11, 11, 40, 40, 40, 40, 40, 40, 40, 40, 40, 40, 40, 40, 40, 40, 40, 40, 40, 40, 40, 40, 40, 40, 40, 40, 40]
Hubs:  [40, 11]
Cost of solution: 30954157.047620006
Time of solution: 553.155

Solution: [12, 12, 12, 12, 12, 12, 12, 12, 12, 12, 12, 12, 12, 12, 12, 12, 12, 12, 12, 12, 12, 12, 12, 12, 12, 12, 12, 12, 12, 40, 40, 40, 40, 40, 40, 40, 40, 40, 40, 40, 40, 40, 40, 40, 40, 40, 40, 40, 40, 40, 40, 40, 40, 40]
Hubs:  [40, 12]
Cost of solution: 32142982.73225997
Time of solution: 534.03

Solution: [7, 7, 7, 7, 7, 7, 7, 7, 7, 7, 7, 7, 7, 7, 7, 7, 7, 7, 7, 7, 7, 7, 7, 7, 7, 7, 7, 7, 40, 40, 40, 40, 40, 40, 40, 40, 40, 40, 40, 40, 40, 40, 40, 40, 40, 40, 40, 40, 40, 40, 40, 40, 40, 40]
Hubs:  [40, 7]
Cost of solution: 29051880.608659975
Time of solution: 588.245

Solution: [9, 9, 9, 9, 9, 9, 9, 9, 9, 9, 9, 9, 9, 9, 9, 9, 9, 9, 9, 9, 9, 9, 9, 9, 9, 9, 9, 9, 9, 40, 40, 40, 40, 40, 40, 40, 40, 40, 40, 40, 40, 40, 40, 40, 40, 40, 40, 40, 40, 40, 40, 40, 40, 40]
Hubs:  [40, 9]
Cost of solution: 30027435.041439984
Time of solution: 570.62

Solution: [11, 11, 11, 11, 11, 11, 11, 11, 11, 11, 11, 11, 11, 11, 11, 11, 11, 11, 11, 11, 11, 11, 11, 11, 11, 11, 11, 11, 11, 41, 41, 41, 41, 41, 41, 41, 41, 41, 41, 41, 41, 41, 41, 41, 41, 41, 41, 41, 41, 41, 41, 41, 41, 41]
Hubs:  [41, 11]
Cost of solution: 31483254.493760005
Time of solution: 541.46

Solution: [12, 12, 12, 12, 12, 12, 12, 12, 12, 12, 12, 12, 12, 12, 12, 12, 12, 12, 12, 12, 12, 12, 12, 12, 12, 12, 12, 12, 12, 41, 41, 41, 41, 41, 41, 41, 41, 41, 41, 41, 41, 41, 41, 41, 41, 41, 41, 41, 41, 41, 41, 41, 41, 41]
Hubs:  [41, 12]
Cost of solution: 32672352.291519966
Time of solution: 522.345

Solution: [8, 8, 8, 8, 8, 8, 8, 8, 8, 8, 8, 8, 8, 8, 8, 8, 8, 8, 8, 8, 8, 8, 8, 8, 8, 8, 8, 39, 39, 39, 39, 39, 39, 39, 39, 39, 39, 39, 39, 39, 39, 39, 39, 39, 39, 39, 39, 39, 39, 39, 39, 39, 39, 39]
Hubs:  [8, 39]
Cost of solution: 29947626.030800022
Time of solution: 581.18

Solution: [21, 21, 21, 21, 21, 21, 21, 21, 21, 21, 21, 21, 21, 21, 21, 21, 21, 21, 21, 21, 21, 21, 21, 21, 21, 21, 21, 21, 21, 21, 21, 21, 44, 44, 44, 44, 44, 44, 44, 44, 44, 44, 44, 44, 44, 44, 44, 44, 44, 44, 44, 44, 44, 44]
Hubs:  [44, 21]
Cost of solution: 41488592.32005998
Time of solution: 495.655

Solution: [7, 7, 7, 7, 7, 7, 7, 7, 7, 7, 7, 7, 7, 7, 7, 7, 7, 7, 7, 7, 7, 7, 7, 7, 7, 7, 7, 7, 7, 41, 41, 41, 41, 41, 41, 41, 41, 41, 41, 41, 41, 41, 41, 41, 41, 41, 41, 41, 41, 41, 41, 41, 41, 41]
Hubs:  [41, 7]
Cost of solution: 29544201.51992004
Time of solution: 582.645

Solution: [19, 19, 19, 19, 19, 19, 19, 19, 19, 19, 19, 19, 19, 19, 19, 19, 19, 19, 19, 19, 19, 19, 19, 19, 19, 19, 19, 19, 19, 19, 19, 19, 44, 44, 44, 44, 44, 44, 44, 44, 44, 44, 44, 44, 44, 44, 44, 44, 44, 44, 44, 44, 44, 44]
Hubs:  [19, 44]
Cost of solution: 40047638.28287989
Time of solution: 510.54999999999995

Solution: [9, 9, 9, 9, 9, 9, 9, 9, 9, 9, 9, 9, 9, 9, 9, 9, 9, 9, 9, 9, 9, 9, 9, 9, 9, 9, 9, 9, 9, 41, 41, 41, 41, 41, 41, 41, 41, 41, 41, 41, 41, 41, 41, 41, 41, 41, 41, 41, 41, 41, 41, 41, 41, 41]
Hubs:  [9, 41]
Cost of solution: 30556260.374459907
Time of solution: 558.915

Solution: [4, 4, 4, 4, 4, 4, 4, 4, 4, 4, 4, 4, 4, 4, 4, 4, 4, 4, 4, 4, 4, 4, 4, 4, 4, 4, 4, 40, 40, 40, 40, 40, 40, 40, 40, 40, 40, 40, 40, 40, 40, 40, 40, 40, 40, 40, 40, 40, 40, 40, 40, 40, 40, 40]
Hubs:  [40, 4]
Cost of solution: 28741786.334639993
Time of solution: 600.015

Solution: [8, 8, 8, 8, 8, 8, 8, 8, 8, 8, 8, 8, 8, 8, 8, 8, 8, 8, 8, 8, 8, 8, 8, 8, 8, 8, 8, 8, 8, 43, 43, 43, 43, 43, 43, 43, 43, 43, 43, 43, 43, 43, 43, 43, 43, 43, 43, 43, 43, 43, 43, 43, 43, 43]
Hubs:  [8, 43]
Cost of solution: 30474466.20562009
Time of solution: 559.11

Solution: [17, 17, 17, 17, 17, 17, 17, 17, 17, 17, 17, 17, 17, 17, 17, 17, 17, 17, 17, 17, 17, 17, 17, 17, 17, 17, 17, 17, 17, 17, 17, 43, 43, 43, 43, 43, 43, 43, 43, 43, 43, 43, 43, 43, 43, 43, 43, 43, 43, 43, 43, 43, 43, 43]
Hubs:  [17, 43]
Cost of solution: 37379569.871419996
Time of solution: 521.5350000000001

Solution: [8, 8, 8, 8, 8, 8, 8, 8, 8, 8, 8, 8, 8, 8, 8, 8, 8, 8, 8, 8, 8, 8, 8, 8, 8, 8, 8, 8, 8, 40, 40, 40, 40, 40, 40, 40, 40, 40, 40, 40, 40, 40, 40, 40, 40, 40, 40, 40, 40, 40, 40, 40, 40, 40]
Hubs:  [8, 40]
Cost of solution: 29449173.94632005
Time of solution: 583.375

Solution: [10, 10, 10, 10, 10, 10, 10, 10, 10, 10, 10, 10, 10, 10, 10, 10, 10, 10, 10, 10, 10, 10, 10, 10, 10, 10, 10, 10, 10, 41, 41, 41, 41, 41, 41, 41, 41, 41, 41, 41, 41, 41, 41, 41, 41, 41, 41, 41, 41, 41, 41, 41, 41, 41]
Hubs:  [41, 10]
Cost of solution: 31010491.28989999
Time of solution: 549.915

Solution: [6, 6, 6, 6, 6, 6, 6, 6, 6, 6, 6, 6, 6, 6, 6, 6, 6, 6, 6, 6, 6, 6, 6, 6, 6, 6, 6, 6, 6, 43, 43, 43, 43, 43, 43, 43, 43, 43, 43, 43, 43, 43, 43, 43, 43, 43, 43, 43, 43, 43, 43, 43, 43, 43]
Hubs:  [43, 6]
Cost of solution: 29864139.28112002
Time of solution: 581.835

Solution: [5, 5, 5, 5, 5, 5, 5, 5, 5, 5, 5, 5, 5, 5, 5, 5, 5, 5, 5, 5, 5, 5, 5, 5, 5, 5, 5, 40, 40, 40, 40, 40, 40, 40, 40, 40, 40, 40, 40, 40, 40, 40, 40, 40, 40, 40, 40, 40, 40, 40, 40, 40, 40, 40]
Hubs:  [40, 5]
Cost of solution: 28790111.981200017
Time of solution: 594.65

Solution: [20, 20, 20, 20, 20, 20, 20, 20, 20, 20, 20, 20, 20, 20, 20, 20, 20, 20, 20, 20, 20, 20, 20, 20, 20, 20, 20, 20, 20, 20, 20, 20, 44, 44, 44, 44, 44, 44, 44, 44, 44, 44, 44, 44, 44, 44, 44, 44, 44, 44, 44, 44, 44, 44]
Hubs:  [20, 44]
Cost of solution: 40744138.65165994
Time of solution: 503.34499999999997

Solution: [7, 7, 7, 7, 7, 7, 7, 7, 7, 7, 7, 7, 7, 7, 7, 7, 7, 7, 7, 7, 7, 7, 7, 7, 7, 7, 7, 7, 7, 44, 44, 44, 44, 44, 44, 44, 44, 44, 44, 44, 44, 44, 44, 44, 44, 44, 44, 44, 44, 44, 44, 44, 44, 44]
Hubs:  [44, 7]
Cost of solution: 30298047.893740058
Time of solution: 566.6

Solution: [26, 26, 26, 26, 26, 26, 26, 26, 26, 26, 26, 26, 26, 26, 26, 26, 26, 26, 26, 26, 26, 26, 26, 26, 26, 26, 26, 26, 26, 26, 26, 26, 26, 26, 26, 26, 26, 26, 26, 49, 49, 49, 49, 49, 49, 49, 49, 49, 49, 49, 49, 49, 49, 49]
Hubs:  [49, 26]
Cost of solution: 55195776.257699914
Time of solution: 477.41499999999996

Solution: [8, 8, 8, 8, 8, 8, 8, 8, 8, 8, 8, 8, 8, 8, 8, 8, 8, 8, 8, 8, 8, 8, 8, 8, 8, 8, 8, 8, 8, 41, 41, 41, 41, 41, 41, 41, 41, 41, 41, 41, 41, 41, 41, 41, 41, 41, 41, 41, 41, 41, 41, 41, 41, 41]
Hubs:  [8, 41]
Cost of solution: 29977999.279340036
Time of solution: 571.6700000000001

Solution: [21, 21, 21, 21, 21, 21, 21, 21, 21, 21, 21, 21, 21, 21, 21, 21, 21, 21, 21, 21, 21, 21, 21, 21, 21, 21, 21, 21, 21, 21, 21, 41, 41, 41, 41, 41, 41, 41, 41, 41, 41, 41, 41, 41, 41, 41, 41, 41, 41, 41, 41, 41, 41, 41]
Hubs:  [41, 21]
Cost of solution: 41203153.375140086
Time of solution: 498.49

Solution: [23, 23, 23, 23, 23, 23, 23, 23, 23, 23, 23, 23, 23, 23, 23, 23, 23, 23, 23, 23, 23, 23, 23, 23, 23, 23, 23, 23, 23, 23, 23, 23, 23, 45, 45, 45, 45, 45, 45, 45, 45, 45, 45, 45, 45, 45, 45, 45, 45, 45, 45, 45, 45, 45]
Hubs:  [45, 23]
Cost of solution: 45532545.063979894
Time of solution: 482.18499999999995

Pareto Frontier(n=54, p=3):
Solution: [3, 3, 3, 3, 3, 3, 3, 3, 3, 3, 3, 3, 3, 24, 24, 24, 24, 24, 24, 24, 24, 24, 24, 24, 24, 24, 24, 24, 24, 24, 24, 24, 24, 43, 43, 43, 43, 43, 43, 43, 43, 43, 43, 43, 43, 43, 43, 43, 43, 43, 43, 43, 43, 43]
Hubs:  [24, 43, 3]
Cost of solution: 22937788.254340008
Time of solution: 487.04999999999995

Solution: [2, 2, 2, 2, 2, 2, 2, 2, 2, 2, 2, 23, 23, 23, 23, 23, 23, 23, 23, 23, 23, 23, 23, 23, 23, 23, 23, 23, 23, 23, 23, 23, 23, 46, 46, 46, 46, 46, 46, 46, 46, 46, 46, 46, 46, 46, 46, 46, 46, 46, 46, 46, 46, 46]
Hubs:  [2, 46, 23]
Cost of solution: 23018265.70952
Time of solution: 478.70500000000004

Solution: [5, 5, 5, 5, 5, 5, 5, 5, 5, 5, 5, 5, 5, 5, 5, 24, 24, 24, 24, 24, 24, 24, 24, 24, 24, 24, 24, 24, 24, 24, 24, 24, 24, 44, 44, 44, 44, 44, 44, 44, 44, 44, 44, 44, 44, 44, 44, 44, 44, 44, 44, 44, 44, 44]
Hubs:  [24, 44, 5]
Cost of solution: 23443160.61426001
Time of solution: 477.005

Solution: [7, 7, 7, 7, 7, 7, 7, 7, 7, 7, 7, 7, 7, 7, 7, 7, 24, 24, 24, 24, 24, 24, 24, 24, 24, 24, 24, 24, 24, 24, 24, 24, 24, 44, 44, 44, 44, 44, 44, 44, 44, 44, 44, 44, 44, 44, 44, 44, 44, 44, 44, 44, 44, 44]
Hubs:  [24, 44, 7]
Cost of solution: 24476907.756519996
Time of solution: 465.07000000000005

Solution: [12, 12, 12, 12, 12, 12, 12, 12, 12, 12, 12, 12, 12, 12, 12, 12, 12, 12, 12, 12, 12, 12, 12, 12, 30, 30, 30, 30, 30, 30, 30, 30, 30, 30, 30, 30, 30, 30, 30, 30, 50, 50, 50, 50, 50, 50, 50, 50, 50, 50, 50, 50, 50, 50]
Hubs:  [50, 12, 30]
Cost of solution: 30027327.766139988
Time of solution: 431.11

Solution: [1, 1, 1, 1, 1, 1, 1, 1, 1, 1, 1, 22, 22, 22, 22, 22, 22, 22, 22, 22, 22, 22, 22, 22, 22, 22, 22, 22, 22, 22, 22, 22, 41, 41, 41, 41, 41, 41, 41, 41, 41, 41, 41, 41, 41, 41, 41, 41, 41, 41, 41, 41, 41, 41]
Hubs:  [1, 22, 41]
Cost of solution: 21373261.400060054
Time of solution: 504.07

Solution: [2, 2, 2, 2, 2, 2, 2, 2, 2, 2, 2, 2, 2, 24, 24, 24, 24, 24, 24, 24, 24, 24, 24, 24, 24, 24, 24, 24, 24, 24, 24, 24, 24, 43, 43, 43, 43, 43, 43, 43, 43, 43, 43, 43, 43, 43, 43, 43, 43, 43, 43, 43, 43, 43]
Hubs:  [24, 2, 43]
Cost of solution: 22890950.99650002
Time of solution: 490.89

Solution: [16, 16, 16, 16, 16, 16, 16, 16, 16, 16, 16, 16, 16, 16, 16, 16, 16, 16, 16, 16, 16, 16, 16, 16, 16, 16, 16, 16, 16, 40, 40, 40, 40, 40, 40, 40, 40, 40, 40, 40, 40, 40, 40, 40, 40, 40, 40, 40, 51, 51, 51, 51, 51, 51]
Hubs:  [16, 40, 51]
Cost of solution: 32415266.988420013
Time of solution: 425.055

Solution: [1, 1, 1, 1, 1, 1, 1, 1, 1, 1, 1, 21, 21, 21, 21, 21, 21, 21, 21, 21, 21, 21, 21, 21, 21, 21, 21, 21, 21, 21, 21, 41, 41, 41, 41, 41, 41, 41, 41, 41, 41, 41, 41, 41, 41, 41, 41, 41, 41, 41, 41, 41, 41, 41]
Hubs:  [1, 21, 41]
Cost of solution: 21408079.360820062
Time of solution: 498.49

Solution: [21, 21, 21, 21, 21, 21, 21, 21, 21, 21, 21, 21, 21, 21, 21, 21, 21, 21, 21, 21, 21, 21, 21, 21, 21, 21, 21, 21, 21, 21, 40, 40, 40, 40, 40, 40, 40, 40, 40, 40, 40, 40, 40, 40, 40, 40, 40, 40, 51, 51, 51, 51, 51, 51]
Hubs:  [40, 51, 21]
Cost of solution: 37537625.98205999
Time of solution: 413.625

Solution: [11, 11, 11, 11, 11, 11, 11, 11, 11, 11, 11, 11, 11, 11, 11, 11, 11, 11, 11, 11, 11, 11, 11, 30, 30, 30, 30, 30, 30, 30, 30, 30, 30, 30, 30, 30, 30, 30, 30, 30, 49, 49, 49, 49, 49, 49, 49, 49, 49, 49, 49, 49, 49, 49]
Hubs:  [49, 11, 30]
Cost of solution: 28596885.657840043
Time of solution: 444.23

Solution: [9, 9, 9, 9, 9, 9, 9, 9, 9, 9, 9, 9, 9, 9, 9, 9, 9, 9, 9, 9, 9, 9, 9, 30, 30, 30, 30, 30, 30, 30, 30, 30, 30, 30, 30, 30, 30, 30, 30, 30, 50, 50, 50, 50, 50, 50, 50, 50, 50, 50, 50, 50, 50, 50]
Hubs:  [9, 50, 30]
Cost of solution: 27464544.162380043
Time of solution: 452.90999999999997

Solution: [6, 6, 6, 6, 6, 6, 6, 6, 6, 6, 6, 6, 6, 6, 6, 24, 24, 24, 24, 24, 24, 24, 24, 24, 24, 24, 24, 24, 24, 24, 24, 24, 24, 44, 44, 44, 44, 44, 44, 44, 44, 44, 44, 44, 44, 44, 44, 44, 44, 44, 44, 44, 44, 44]
Hubs:  [24, 44, 6]
Cost of solution: 23798270.64665996
Time of solution: 470.78999999999996

Solution: [14, 14, 14, 14, 14, 14, 14, 14, 14, 14, 14, 14, 14, 14, 14, 14, 14, 14, 14, 14, 14, 14, 14, 14, 30, 30, 30, 30, 30, 30, 30, 30, 30, 30, 30, 30, 30, 30, 30, 30, 50, 50, 50, 50, 50, 50, 50, 50, 50, 50, 50, 50, 50, 50]
Hubs:  [50, 14, 30]
Cost of solution: 31926424.319659997
Time of solution: 431.01

Solution: [6, 6, 6, 6, 6, 6, 6, 6, 6, 6, 6, 6, 6, 6, 6, 6, 25, 25, 25, 25, 25, 25, 25, 25, 25, 25, 25, 25, 25, 25, 25, 25, 25, 25, 25, 47, 47, 47, 47, 47, 47, 47, 47, 47, 47, 47, 47, 47, 47, 47, 47, 47, 47, 47]
Hubs:  [25, 6, 47]
Cost of solution: 24456295.01095999
Time of solution: 468.365

Solution: [11, 11, 11, 11, 11, 11, 11, 11, 11, 11, 11, 11, 11, 11, 11, 11, 11, 11, 11, 11, 11, 11, 11, 30, 30, 30, 30, 30, 30, 30, 30, 30, 30, 30, 30, 30, 30, 30, 30, 30, 50, 50, 50, 50, 50, 50, 50, 50, 50, 50, 50, 50, 50, 50]
Hubs:  [50, 11, 30]
Cost of solution: 28649970.96802002
Time of solution: 435.03999999999996

Solution: [1, 1, 1, 1, 1, 1, 1, 1, 1, 1, 1, 22, 22, 22, 22, 22, 22, 22, 22, 22, 22, 22, 22, 22, 22, 22, 22, 22, 22, 22, 22, 22, 43, 43, 43, 43, 43, 43, 43, 43, 43, 43, 43, 43, 43, 43, 43, 43, 43, 43, 43, 43, 43, 43]
Hubs:  [1, 43, 22]
Cost of solution: 21600945.185520004
Time of solution: 491.765

Solution: [1, 1, 1, 1, 1, 1, 1, 1, 1, 1, 1, 21, 21, 21, 21, 21, 21, 21, 21, 21, 21, 21, 21, 21, 21, 21, 21, 21, 21, 21, 40, 40, 40, 40, 40, 40, 40, 40, 40, 40, 40, 40, 40, 40, 40, 40, 40, 40, 40, 40, 40, 40, 40, 40]
Hubs:  [40, 1, 21]
Cost of solution: 21141372.42134007
Time of solution: 531.5799999999999

Solution: [7, 7, 7, 7, 7, 7, 7, 7, 7, 7, 7, 7, 7, 7, 7, 7, 24, 24, 24, 24, 24, 24, 24, 24, 24, 24, 24, 24, 24, 24, 24, 24, 24, 43, 43, 43, 43, 43, 43, 43, 43, 43, 43, 43, 43, 43, 43, 43, 43, 43, 43, 43, 43, 43]
Hubs:  [24, 43, 7]
Cost of solution: 24400844.93988002
Time of solution: 468.56

Solution: [6, 6, 6, 6, 6, 6, 6, 6, 6, 6, 6, 6, 6, 6, 6, 24, 24, 24, 24, 24, 24, 24, 24, 24, 24, 24, 24, 24, 24, 24, 24, 24, 24, 43, 43, 43, 43, 43, 43, 43, 43, 43, 43, 43, 43, 43, 43, 43, 43, 43, 43, 43, 43, 43]
Hubs:  [24, 43, 6]
Cost of solution: 23722116.021099977
Time of solution: 474.275

Solution: [3, 3, 3, 3, 3, 3, 3, 3, 3, 3, 3, 3, 3, 24, 24, 24, 24, 24, 24, 24, 24, 24, 24, 24, 24, 24, 24, 24, 24, 24, 24, 24, 24, 44, 44, 44, 44, 44, 44, 44, 44, 44, 44, 44, 44, 44, 44, 44, 44, 44, 44, 44, 44, 44]
Hubs:  [24, 3, 44]
Cost of solution: 23014354.180260047
Time of solution: 483.59000000000003

Solution: [17, 17, 17, 17, 17, 17, 17, 17, 17, 17, 17, 17, 17, 17, 17, 17, 17, 17, 17, 17, 17, 17, 17, 17, 17, 17, 17, 17, 17, 40, 40, 40, 40, 40, 40, 40, 40, 40, 40, 40, 40, 40, 40, 40, 40, 40, 40, 40, 51, 51, 51, 51, 51, 51]
Hubs:  [40, 17, 51]
Cost of solution: 33562613.353339985
Time of solution: 416.245

Pareto Frontier(n=54, p=4):
Pareto Frontier:
Solution: [1, 1, 1, 1, 1, 1, 1, 1, 1, 1, 1, 22, 22, 22, 22, 22, 22, 22, 22, 22, 22, 22, 22, 22, 22, 22, 22, 22, 22, 22, 22, 40, 40, 40, 40, 40, 40, 40, 40, 40, 40, 40, 40, 40, 40, 40, 40, 40, 52, 52, 52, 52, 52, 52]
Hubs:  [40, 1, 52, 22]
Cost of solution: 17645598.90434002
Time of solution: 451.7

Solution: [1, 1, 1, 1, 1, 1, 1, 1, 1, 17, 17, 17, 17, 17, 17, 17, 17, 17, 17, 17, 17, 17, 17, 17, 17, 17, 17, 17, 17, 40, 40, 40, 40, 40, 40, 40, 40, 40, 40, 40, 40, 40, 40, 40, 40, 40, 40, 40, 40, 54, 54, 54, 54, 54]
Hubs:  [40, 1, 17, 54]
Cost of solution: 17423540.401980042
Time of solution: 494.805

Solution: [1, 1, 1, 1, 1, 1, 1, 1, 1, 1, 18, 18, 18, 18, 18, 18, 18, 18, 18, 18, 18, 18, 18, 18, 18, 18, 18, 18, 18, 40, 40, 40, 40, 40, 40, 40, 40, 40, 40, 40, 40, 40, 40, 40, 40, 40, 40, 40, 51, 51, 51, 51, 51, 51]
Hubs:  [40, 1, 18, 51]
Cost of solution: 17874496.43474003
Time of solution: 408.15999999999997

Solution: [12, 12, 12, 12, 12, 12, 12, 12, 12, 12, 12, 12, 12, 12, 12, 12, 12, 12, 12, 12, 12, 12, 12, 12, 30, 30, 30, 30, 30, 30, 30, 30, 30, 30, 30, 30, 30, 30, 30, 47, 47, 47, 47, 47, 47, 47, 47, 47, 47, 47, 52, 52, 52, 52]
Hubs:  [12, 52, 30, 47]
Cost of solution: 27449347.034939956
Time of solution: 377.985

Solution: [1, 1, 1, 1, 1, 1, 1, 1, 1, 1, 1, 22, 22, 22, 22, 22, 22, 22, 22, 22, 22, 22, 22, 22, 22, 22, 22, 22, 22, 22, 40, 40, 40, 40, 40, 40, 40, 40, 40, 40, 40, 40, 40, 40, 40, 40, 40, 40, 51, 51, 51, 51, 51, 51]
Hubs:  [40, 1, 51, 22]
Cost of solution: 17785418.790580012
Time of solution: 408.505

Solution: [1, 1, 1, 1, 1, 1, 1, 1, 1, 17, 17, 17, 17, 17, 17, 17, 17, 17, 17, 17, 17, 17, 17, 17, 17, 17, 17, 17, 17, 40, 40, 40, 40, 40, 40, 40, 40, 40, 40, 40, 40, 40, 40, 40, 40, 40, 40, 40, 52, 52, 52, 52, 52, 52]
Hubs:  [40, 1, 52, 17]
Cost of solution: 17638675.21562004
Time of solution: 458.105

Solution: [12, 12, 12, 12, 12, 12, 12, 12, 12, 12, 12, 12, 12, 12, 12, 12, 12, 12, 12, 12, 12, 12, 12, 12, 30, 30, 30, 30, 30, 30, 30, 30, 30, 30, 40, 40, 40, 40, 40, 40, 40, 40, 40, 40, 40, 40, 40, 40, 51, 51, 51, 51, 51, 51]
Hubs:  [40, 51, 12, 30]
Cost of solution: 26300099.949899975
Time of solution: 395.96000000000004

Solution: [6, 6, 6, 6, 6, 6, 6, 6, 6, 6, 6, 6, 6, 23, 23, 23, 23, 23, 23, 23, 23, 23, 23, 23, 23, 23, 23, 23, 23, 23, 23, 40, 40, 40, 40, 40, 40, 40, 40, 40, 40, 40, 40, 40, 40, 40, 40, 40, 51, 51, 51, 51, 51, 51]
Hubs:  [40, 51, 6, 23]
Cost of solution: 19798249.281879958
Time of solution: 397.82

Solution: [1, 1, 1, 1, 1, 1, 1, 1, 1, 1, 1, 21, 21, 21, 21, 21, 21, 21, 21, 21, 21, 21, 21, 21, 21, 21, 21, 21, 21, 21, 40, 40, 40, 40, 40, 40, 40, 40, 40, 40, 40, 40, 40, 40, 40, 40, 40, 40, 51, 51, 51, 51, 51, 51]
Hubs:  [40, 1, 51, 21]
Cost of solution: 17733559.032300007
Time of solution: 412.525

Solution: [4, 4, 4, 4, 4, 4, 4, 4, 4, 4, 4, 4, 23, 23, 23, 23, 23, 23, 23, 23, 23, 23, 23, 23, 23, 23, 23, 23, 23, 23, 23, 40, 40, 40, 40, 40, 40, 40, 40, 40, 40, 40, 40, 40, 40, 40, 40, 40, 51, 51, 51, 51, 51, 51]
Hubs:  [40, 51, 4, 23]
Cost of solution: 19013254.649040002
Time of solution: 403.9

Solution: [1, 1, 1, 1, 1, 1, 1, 1, 1, 1, 18, 18, 18, 18, 18, 18, 18, 18, 18, 18, 18, 18, 18, 18, 18, 18, 18, 18, 18, 40, 40, 40, 40, 40, 40, 40, 40, 40, 40, 40, 40, 40, 40, 40, 40, 40, 40, 40, 40, 54, 54, 54, 54, 54]
Hubs:  [40, 1, 18, 54]
Cost of solution: 17538735.112080064
Time of solution: 486.78

Solution: [1, 1, 1, 1, 1, 1, 1, 1, 1, 1, 1, 22, 22, 22, 22, 22, 22, 22, 22, 22, 22, 22, 22, 22, 22, 22, 22, 22, 22, 22, 22, 40, 40, 40, 40, 40, 40, 40, 40, 40, 40, 40, 40, 40, 40, 40, 40, 40, 40, 54, 54, 54, 54, 54]
Hubs:  [40, 1, 22, 54]
Cost of solution: 17430447.44670003
Time of solution: 488.37

Solution: [1, 1, 1, 1, 1, 1, 1, 1, 1, 1, 1, 22, 22, 22, 22, 22, 22, 22, 22, 22, 22, 22, 22, 22, 22, 22, 22, 22, 22, 22, 22, 40, 40, 40, 40, 40, 40, 40, 40, 40, 40, 40, 40, 40, 40, 40, 40, 40, 51, 51, 51, 51, 51, 51]
Hubs:  [40, 1, 51, 22]
Cost of solution: 17766558.75716001
Time of solution: 409.885

Pareto Frontier(n=54, p=5):
Solution: [4, 4, 4, 4, 4, 4, 4, 4, 12, 12, 12, 12, 12, 12, 12, 12, 12, 12, 12, 12, 12, 26, 26, 26, 26, 26, 26, 26, 26, 26, 26, 26, 40, 40, 40, 40, 40, 40, 40, 40, 40, 40, 40, 40, 40, 40, 40, 40, 51, 51, 51, 51, 51, 51]
Hubs:  [4, 40, 12, 51, 26]
Cost of solution: 16078358.523200013
Time of solution: 370.59

Solution: [2, 2, 2, 2, 2, 2, 2, 2, 15, 15, 15, 15, 15, 15, 15, 15, 15, 15, 15, 15, 15, 15, 15, 15, 30, 30, 30, 30, 30, 30, 30, 30, 30, 30, 30, 30, 30, 30, 30, 47, 47, 47, 47, 47, 47, 47, 47, 47, 47, 47, 52, 52, 52, 52]
Hubs:  [2, 47, 15, 52, 30]
Cost of solution: 16782398.04135997
Time of solution: 367.505

Solution: [7, 7, 7, 7, 7, 7, 7, 7, 7, 7, 7, 17, 17, 17, 17, 17, 17, 17, 17, 17, 17, 17, 17, 17, 30, 30, 30, 30, 30, 30, 30, 30, 30, 30, 30, 30, 30, 30, 30, 47, 47, 47, 47, 47, 47, 47, 47, 47, 47, 47, 52, 52, 52, 52]
Hubs:  [7, 47, 17, 52, 30]
Cost of solution: 19676623.43755995
Time of solution: 351.205

Solution: [1, 1, 1, 1, 1, 1, 1, 1, 15, 15, 15, 15, 15, 15, 15, 15, 15, 15, 15, 15, 15, 15, 15, 15, 30, 30, 30, 30, 30, 30, 30, 30, 30, 30, 30, 30, 30, 30, 30, 47, 47, 47, 47, 47, 47, 47, 47, 47, 47, 47, 52, 52, 52, 52]
Hubs:  [1, 47, 15, 52, 30]
Cost of solution: 16625245.079479959
Time of solution: 370.2

Solution: [1, 1, 1, 1, 1, 1, 1, 12, 12, 12, 12, 12, 12, 12, 12, 12, 12, 22, 22, 22, 22, 22, 22, 22, 22, 22, 22, 22, 22, 22, 22, 40, 40, 40, 40, 40, 40, 40, 40, 40, 40, 40, 40, 40, 40, 40, 40, 40, 40, 54, 54, 54, 54, 54]
Hubs:  [1, 40, 12, 22, 54]
Cost of solution: 14765891.948179996
Time of solution: 488.37

Solution: [1, 1, 1, 1, 1, 1, 1, 12, 12, 12, 12, 12, 12, 12, 12, 12, 12, 12, 12, 12, 25, 25, 25, 25, 25, 25, 25, 25, 25, 25, 25, 25, 40, 40, 40, 40, 40, 40, 40, 40, 40, 40, 40, 40, 40, 40, 40, 40, 40, 54, 54, 54, 54, 54]
Hubs:  [1, 40, 12, 54, 25]
Cost of solution: 14887641.411680017
Time of solution: 459.0

Solution: [4, 4, 4, 4, 4, 4, 4, 4, 4, 15, 15, 15, 15, 15, 15, 15, 15, 15, 15, 15, 15, 15, 26, 26, 26, 26, 26, 26, 26, 26, 26, 26, 40, 40, 40, 40, 40, 40, 40, 40, 40, 40, 40, 40, 40, 40, 40, 40, 51, 51, 51, 51, 51, 51]
Hubs:  [4, 40, 15, 51, 26]
Cost of solution: 16038148.760480018
Time of solution: 378.86

Solution: [5, 5, 5, 5, 5, 5, 5, 5, 5, 5, 17, 17, 17, 17, 17, 17, 17, 17, 17, 17, 17, 17, 17, 17, 30, 30, 30, 30, 30, 30, 30, 30, 30, 30, 30, 30, 30, 30, 30, 47, 47, 47, 47, 47, 47, 47, 47, 47, 47, 47, 52, 52, 52, 52]
Hubs:  [5, 47, 17, 52, 30]
Cost of solution: 18006411.090420015
Time of solution: 361.12

Solution: [1, 1, 1, 1, 1, 1, 1, 1, 15, 15, 15, 15, 15, 15, 15, 15, 15, 15, 15, 15, 15, 15, 26, 26, 26, 26, 26, 26, 26, 26, 26, 26, 40, 40, 40, 40, 40, 40, 40, 40, 40, 40, 40, 40, 40, 40, 40, 40, 51, 51, 51, 51, 51, 51]
Hubs:  [1, 40, 15, 51, 26]
Cost of solution: 15275395.892539995
Time of solution: 388.535

Solution: [4, 4, 4, 4, 4, 4, 4, 4, 4, 4, 17, 17, 17, 17, 17, 17, 17, 17, 17, 17, 17, 17, 17, 17, 30, 30, 30, 30, 30, 30, 30, 30, 30, 30, 30, 30, 30, 30, 30, 47, 47, 47, 47, 47, 47, 47, 47, 47, 47, 47, 52, 52, 52, 52]
Hubs:  [4, 47, 17, 52, 30]
Cost of solution: 17480553.159220017
Time of solution: 366.665

Solution: [2, 2, 2, 2, 2, 2, 2, 2, 15, 15, 15, 15, 15, 15, 15, 15, 15, 15, 15, 15, 15, 15, 26, 26, 26, 26, 26, 26, 26, 26, 26, 26, 40, 40, 40, 40, 40, 40, 40, 40, 40, 40, 40, 40, 40, 40, 40, 40, 51, 51, 51, 51, 51, 51]
Hubs:  [2, 40, 15, 51, 26]
Cost of solution: 15431477.914219994
Time of solution: 381.84499999999997

Solution: [1, 1, 1, 1, 1, 1, 1, 12, 12, 12, 12, 12, 12, 12, 12, 12, 12, 22, 22, 22, 22, 22, 22, 22, 22, 22, 22, 22, 22, 22, 22, 40, 40, 40, 40, 40, 40, 40, 40, 40, 40, 40, 40, 40, 40, 40, 40, 40, 51, 51, 51, 51, 51, 51]
Hubs:  [1, 40, 12, 51, 22]
Cost of solution: 15102304.930199984
Time of solution: 409.885

Pareto Frontier(n=54, p=6):
Solution: [3, 3, 3, 3, 3, 3, 3, 3, 12, 12, 12, 12, 12, 12, 12, 12, 12, 22, 22, 22, 22, 22, 22, 22, 22, 22, 22, 22, 22, 34, 34, 34, 34, 34, 34, 34, 34, 34, 34, 34, 47, 47, 47, 47, 47, 47, 47, 47, 47, 47, 52, 52, 52, 52]
Hubs:  [34, 3, 12, 47, 52, 22]
Cost of solution: 13749844.775899995
Time of solution: 359.77500000000003

Solution: [1, 1, 1, 1, 1, 1, 1, 12, 12, 12, 12, 12, 12, 12, 12, 12, 12, 22, 22, 22, 22, 22, 22, 22, 22, 22, 22, 22, 22, 34, 34, 34, 34, 34, 34, 34, 34, 34, 34, 34, 47, 47, 47, 47, 47, 47, 47, 47, 47, 47, 54, 54, 54, 54]
Hubs:  [1, 34, 12, 47, 22, 54]
Cost of solution: 13132487.471359998
Time of solution: 414.96000000000004

Solution: [4, 4, 4, 4, 4, 4, 4, 4, 12, 12, 12, 12, 12, 12, 12, 12, 12, 22, 22, 22, 22, 22, 22, 22, 22, 22, 30, 30, 30, 30, 30, 30, 30, 30, 30, 30, 30, 30, 30, 47, 47, 47, 47, 47, 47, 47, 47, 47, 47, 47, 52, 52, 52, 52]
Hubs:  [4, 12, 47, 52, 22, 30]
Cost of solution: 15475726.403980013
Time of solution: 352.365

Solution: [4, 4, 4, 4, 4, 4, 4, 4, 12, 12, 12, 12, 12, 12, 12, 12, 12, 22, 22, 22, 22, 22, 22, 22, 22, 22, 22, 22, 22, 34, 34, 34, 34, 34, 34, 34, 34, 34, 34, 34, 47, 47, 47, 47, 47, 47, 47, 47, 47, 47, 52, 52, 52, 52]
Hubs:  [34, 4, 12, 47, 52, 22]
Cost of solution: 14208981.61003999
Time of solution: 355.49

Solution: [5, 5, 5, 5, 5, 5, 5, 5, 12, 12, 12, 12, 12, 12, 12, 12, 12, 22, 22, 22, 22, 22, 22, 22, 22, 22, 30, 30, 30, 30, 30, 30, 30, 30, 30, 30, 30, 30, 30, 47, 47, 47, 47, 47, 47, 47, 47, 47, 47, 47, 52, 52, 52, 52]
Hubs:  [5, 12, 47, 52, 22, 30]
Cost of solution: 16011886.398820017
Time of solution: 346.64

Solution: [1, 1, 1, 1, 1, 1, 1, 12, 12, 12, 12, 12, 12, 12, 12, 12, 12, 22, 22, 22, 22, 22, 22, 22, 22, 22, 22, 22, 22, 34, 34, 34, 34, 34, 34, 34, 34, 34, 34, 34, 47, 47, 47, 47, 47, 47, 47, 47, 47, 47, 52, 52, 52, 52]
Hubs:  [1, 34, 12, 47, 52, 22]
Cost of solution: 13434028.559359986
Time of solution: 363.49

Pareto Frontier(n=54, p=7):
Solution: [2, 2, 2, 2, 7, 7, 7, 7, 7, 12, 12, 12, 12, 12, 12, 12, 12, 22, 22, 22, 22, 22, 22, 22, 22, 22, 30, 30, 30, 30, 30, 30, 30, 30, 30, 30, 30, 30, 30, 46, 46, 46, 46, 46, 46, 46, 46, 46, 46, 46, 52, 52, 52, 52]
Hubs:  [2, 7, 12, 46, 52, 22, 30]
Cost of solution: 13953438.766919991
Time of solution: 340.34

Solution: [5, 5, 5, 5, 5, 5, 5, 5, 12, 12, 12, 12, 12, 12, 12, 12, 12, 22, 22, 22, 22, 22, 22, 22, 22, 22, 30, 30, 30, 30, 30, 30, 30, 30, 40, 40, 40, 40, 40, 40, 40, 40, 47, 47, 47, 47, 47, 47, 47, 47, 52, 52, 52, 52]
Hubs:  [5, 40, 12, 47, 52, 22, 30]
Cost of solution: 13461170.312139979
Time of solution: 346.64

Solution: [3, 3, 3, 3, 3, 3, 3, 3, 12, 12, 12, 12, 12, 12, 12, 12, 12, 22, 22, 22, 22, 22, 22, 22, 22, 22, 30, 30, 30, 30, 30, 30, 30, 30, 40, 40, 40, 40, 40, 40, 40, 40, 47, 47, 47, 47, 47, 47, 47, 47, 52, 52, 52, 52]
Hubs:  [3, 40, 12, 47, 52, 22, 30]
Cost of solution: 12464301.137039999
Time of solution: 359.77500000000003

Solution: [4, 4, 4, 4, 4, 4, 4, 4, 12, 12, 12, 12, 12, 12, 12, 12, 12, 22, 22, 22, 22, 22, 22, 22, 22, 22, 30, 30, 30, 30, 30, 30, 30, 30, 40, 40, 40, 40, 40, 40, 40, 40, 47, 47, 47, 47, 47, 47, 47, 47, 52, 52, 52, 52]
Hubs:  [4, 40, 12, 47, 52, 22, 30]
Cost of solution: 12925434.177299993
Time of solution: 352.365

Solution: [1, 1, 1, 1, 1, 1, 1, 12, 12, 12, 12, 12, 12, 12, 12, 12, 12, 22, 22, 22, 22, 22, 22, 22, 22, 22, 30, 30, 30, 30, 30, 30, 30, 30, 40, 40, 40, 40, 40, 40, 40, 40, 47, 47, 47, 47, 47, 47, 47, 47, 52, 52, 52, 52]
Hubs:  [1, 40, 12, 47, 52, 22, 30]
Cost of solution: 12146496.019180011
Time of solution: 363.49

Solution: [1, 1, 1, 1, 7, 7, 7, 7, 7, 7, 7, 17, 17, 17, 17, 17, 17, 17, 17, 17, 17, 17, 17, 17, 30, 30, 30, 30, 30, 30, 30, 30, 30, 30, 40, 40, 40, 40, 40, 40, 40, 40, 47, 47, 47, 47, 47, 47, 47, 47, 52, 52, 52, 52]
Hubs:  [1, 7, 40, 47, 17, 52, 30]
Cost of solution: 13288698.541559996
Time of solution: 350.04499999999996

Solution: [1, 1, 1, 1, 1, 1, 1, 12, 12, 12, 12, 12, 12, 12, 12, 12, 12, 22, 22, 22, 22, 22, 22, 22, 22, 22, 30, 30, 30, 30, 30, 30, 30, 30, 40, 40, 40, 40, 40, 40, 40, 40, 47, 47, 47, 47, 47, 47, 47, 47, 54, 54, 54, 54]
Hubs:  [1, 40, 12, 47, 22, 54, 30]
Cost of solution: 11844744.224140026
Time of solution: 414.96000000000004

Solution: [2, 2, 2, 2, 2, 2, 2, 2, 12, 12, 12, 12, 12, 12, 12, 12, 12, 22, 22, 22, 22, 22, 22, 22, 22, 22, 30, 30, 30, 30, 30, 30, 30, 30, 40, 40, 40, 40, 40, 40, 40, 40, 47, 47, 47, 47, 47, 47, 47, 47, 47, 54, 54, 54]
Hubs:  [2, 40, 12, 47, 22, 54, 30]
Cost of solution: 12013405.528180018
Time of solution: 382.31500000000005

Solution: [1, 1, 1, 6, 6, 6, 6, 6, 6, 12, 12, 12, 12, 12, 12, 12, 12, 22, 22, 22, 22, 22, 22, 22, 22, 22, 30, 30, 30, 30, 30, 30, 30, 30, 30, 30, 30, 30, 30, 46, 46, 46, 46, 46, 46, 46, 46, 46, 46, 46, 52, 52, 52, 52]
Hubs:  [1, 6, 12, 46, 52, 22, 30]
Cost of solution: 13444952.593380015
Time of solution: 349.515

Pareto Frontier(n=54, p=8):
Solution: [1, 1, 4, 4, 4, 7, 7, 7, 7, 12, 12, 12, 12, 12, 12, 12, 12, 22, 22, 22, 22, 22, 22, 22, 22, 22, 30, 30, 30, 30, 30, 30, 30, 30, 30, 30, 30, 30, 30, 47, 47, 47, 47, 47, 47, 47, 47, 47, 47, 47, 52, 52, 52, 52]
Hubs:  [1, 4, 7, 12, 47, 52, 22, 30]
Cost of solution: 13662380.224460019
Time of solution: 338.8

Solution: [1, 1, 1, 5, 5, 5, 5, 5, 12, 12, 12, 12, 12, 12, 12, 12, 12, 22, 22, 22, 22, 22, 22, 22, 22, 22, 30, 30, 30, 30, 30, 30, 30, 30, 40, 40, 40, 40, 40, 40, 40, 40, 47, 47, 47, 47, 47, 47, 47, 47, 52, 52, 52, 52]
Hubs:  [1, 5, 40, 12, 47, 52, 22, 30]
Cost of solution: 11274749.039640019
Time of solution: 346.64

Solution: [1, 1, 1, 6, 6, 6, 6, 6, 6, 12, 12, 12, 12, 12, 12, 12, 12, 22, 22, 22, 22, 22, 22, 22, 22, 22, 22, 32, 32, 32, 32, 32, 32, 32, 32, 40, 40, 40, 40, 40, 40, 40, 47, 47, 47, 47, 47, 47, 47, 47, 54, 54, 54, 54]
Hubs:  [32, 1, 6, 40, 12, 47, 22, 54]
Cost of solution: 10822743.927720016
Time of solution: 401.195

Solution: [1, 1, 1, 6, 6, 6, 6, 6, 6, 12, 12, 12, 12, 12, 12, 12, 12, 22, 22, 22, 22, 22, 22, 22, 22, 22, 22, 22, 22, 34, 34, 34, 34, 34, 34, 34, 34, 34, 40, 40, 40, 40, 47, 47, 47, 47, 47, 47, 47, 47, 52, 52, 52, 52]
Hubs:  [1, 34, 6, 40, 12, 47, 52, 22]
Cost of solution: 11221814.906320002
Time of solution: 355.49

Solution: [2, 2, 2, 5, 5, 5, 7, 7, 7, 12, 12, 12, 12, 12, 12, 12, 12, 22, 22, 22, 22, 22, 22, 22, 22, 22, 30, 30, 30, 30, 30, 30, 30, 30, 30, 30, 30, 30, 30, 47, 47, 47, 47, 47, 47, 47, 47, 47, 47, 47, 52, 52, 52, 52]
Hubs:  [2, 5, 7, 12, 47, 52, 22, 30]
Cost of solution: 14043650.863920005
Time of solution: 337.705

Solution: [1, 1, 1, 6, 6, 6, 6, 6, 6, 12, 12, 12, 12, 12, 12, 12, 12, 22, 22, 22, 22, 22, 22, 22, 22, 22, 30, 30, 30, 30, 30, 30, 30, 30, 40, 40, 40, 40, 40, 40, 40, 40, 47, 47, 47, 47, 47, 47, 47, 47, 52, 52, 52, 52]
Hubs:  [1, 6, 40, 12, 47, 52, 22, 30]
Cost of solution: 11222152.366720023
Time of solution: 349.515

Solution: [1, 1, 1, 5, 5, 5, 5, 5, 12, 12, 12, 12, 12, 12, 12, 12, 12, 22, 22, 22, 22, 22, 22, 22, 22, 22, 22, 32, 32, 32, 32, 32, 32, 32, 32, 40, 40, 40, 40, 40, 40, 40, 47, 47, 47, 47, 47, 47, 47, 47, 54, 54, 54, 54]
Hubs:  [32, 1, 5, 40, 12, 47, 22, 54]
Cost of solution: 10875499.082480015
Time of solution: 398.27500000000003

Solution: [2, 2, 2, 2, 7, 7, 7, 7, 7, 12, 12, 12, 12, 12, 12, 12, 12, 22, 22, 22, 22, 22, 22, 22, 22, 22, 30, 30, 30, 30, 30, 30, 30, 30, 40, 40, 40, 40, 40, 40, 40, 40, 47, 47, 47, 47, 47, 47, 47, 47, 52, 52, 52, 52]
Hubs:  [2, 7, 40, 12, 47, 52, 22, 30]
Cost of solution: 11730421.774300024
Time of solution: 340.34

Pareto Frontier(n=54, p=9):
Solution: [1, 1, 1, 6, 6, 6, 6, 6, 6, 12, 12, 12, 12, 12, 12, 12, 12, 22, 22, 22, 22, 22, 22, 22, 27, 27, 27, 27, 27, 27, 34, 34, 34, 34, 34, 34, 34, 34, 40, 40, 40, 40, 47, 47, 47, 47, 47, 47, 47, 47, 52, 52, 52, 52]
Hubs:  [1, 34, 6, 40, 12, 47, 52, 22, 27]
Cost of solution: 10241254.694620017
Time of solution: 349.515

Solution: [2, 2, 2, 2, 7, 7, 7, 7, 7, 12, 12, 12, 12, 12, 12, 12, 12, 22, 22, 22, 22, 22, 22, 22, 27, 27, 27, 27, 27, 27, 34, 34, 34, 34, 34, 34, 34, 34, 40, 40, 40, 40, 47, 47, 47, 47, 47, 47, 47, 47, 52, 52, 52, 52]
Hubs:  [2, 34, 7, 40, 12, 47, 52, 22, 27]
Cost of solution: 10749138.294080032
Time of solution: 340.34

Solution: [1, 1, 1, 5, 5, 5, 5, 5, 12, 12, 12, 12, 12, 12, 12, 12, 12, 22, 22, 22, 22, 22, 22, 22, 27, 27, 27, 27, 27, 27, 34, 34, 34, 34, 34, 34, 34, 34, 40, 40, 40, 40, 47, 47, 47, 47, 47, 47, 47, 47, 52, 52, 52, 52]
Hubs:  [1, 34, 5, 40, 12, 47, 52, 22, 27]
Cost of solution: 10293951.547860013
Time of solution: 346.64

Solution: [2, 2, 2, 5, 5, 5, 7, 7, 7, 12, 12, 12, 12, 12, 12, 12, 12, 22, 22, 22, 22, 22, 22, 22, 22, 22, 30, 30, 30, 30, 30, 30, 30, 30, 30, 30, 30, 30, 30, 47, 47, 47, 47, 47, 47, 47, 47, 47, 47, 47, 52, 52, 54, 54]
Hubs:  [2, 5, 7, 12, 47, 52, 22, 54, 30]
Cost of solution: 13533741.277520007
Time of solution: 336.69

Solution: [2, 2, 2, 5, 5, 5, 7, 7, 7, 12, 12, 12, 12, 12, 12, 12, 12, 22, 22, 22, 22, 22, 22, 22, 22, 22, 30, 30, 30, 30, 30, 30, 30, 30, 40, 40, 40, 40, 40, 40, 40, 40, 47, 47, 47, 47, 47, 47, 47, 47, 52, 52, 52, 52]
Hubs:  [2, 5, 7, 40, 12, 47, 52, 22, 30]
Cost of solution: 11493837.625280008
Time of solution: 337.705

Solution: [1, 1, 4, 4, 4, 7, 7, 7, 7, 12, 12, 12, 12, 12, 12, 12, 12, 22, 22, 22, 22, 22, 22, 22, 22, 22, 30, 30, 30, 30, 30, 30, 30, 30, 30, 30, 30, 30, 30, 47, 47, 47, 47, 47, 47, 47, 47, 47, 47, 47, 52, 52, 54, 54]
Hubs:  [1, 4, 7, 12, 47, 52, 22, 54, 30]
Cost of solution: 13152398.73658002
Time of solution: 337.54

Solution: [1, 1, 1, 6, 6, 6, 6, 6, 6, 12, 12, 12, 12, 12, 12, 12, 12, 22, 22, 22, 22, 22, 22, 22, 27, 27, 27, 27, 27, 27, 34, 34, 34, 34, 34, 34, 34, 34, 40, 40, 40, 40, 47, 47, 47, 47, 47, 47, 47, 47, 54, 54, 54, 54]
Hubs:  [1, 34, 6, 40, 12, 47, 22, 54, 27]
Cost of solution: 9939782.61102002
Time of solution: 401.195

Solution: [1, 1, 4, 4, 4, 7, 7, 7, 7, 12, 12, 12, 12, 12, 12, 12, 12, 22, 22, 22, 22, 22, 22, 22, 22, 22, 30, 30, 30, 30, 30, 30, 30, 30, 40, 40, 40, 40, 40, 40, 40, 40, 47, 47, 47, 47, 47, 47, 47, 47, 52, 52, 52, 52]
Hubs:  [1, 4, 7, 40, 12, 47, 52, 22, 30]
Cost of solution: 11112756.70070002
Time of solution: 338.8

Solution: [1, 1, 1, 5, 5, 5, 5, 5, 12, 12, 12, 12, 12, 12, 12, 12, 12, 22, 22, 22, 22, 22, 22, 22, 27, 27, 27, 27, 27, 27, 34, 34, 34, 34, 34, 34, 34, 34, 40, 40, 40, 40, 47, 47, 47, 47, 47, 47, 47, 47, 54, 54, 54, 54]
Hubs:  [1, 34, 5, 40, 12, 47, 22, 54, 27]
Cost of solution: 9992451.523580018
Time of solution: 398.27500000000003

Pareto Frontier(n=54, p=10):
Solution: [1, 3, 3, 3, 6, 6, 6, 9, 9, 9, 9, 15, 15, 15, 15, 15, 15, 15, 22, 22, 22, 22, 22, 22, 27, 27, 27, 27, 27, 27, 27, 37, 37, 37, 37, 37, 37, 37, 37, 37, 47, 47, 47, 47, 47, 47, 47, 47, 47, 47, 52, 52, 52, 52]
Hubs:  [1, 3, 37, 6, 9, 15, 47, 52, 22, 27]
Cost of solution: 11316791.620960034
Time of solution: 336.52500000000003

Solution: [1, 1, 4, 4, 4, 7, 7, 7, 7, 12, 12, 12, 12, 12, 12, 12, 12, 22, 22, 22, 22, 22, 22, 22, 27, 27, 27, 27, 27, 27, 34, 34, 34, 34, 34, 34, 34, 34, 40, 40, 40, 40, 47, 47, 47, 47, 47, 47, 47, 47, 52, 52, 52, 52]
Hubs:  [1, 34, 4, 7, 40, 12, 47, 52, 22, 27]
Cost of solution: 10131842.54756
Time of solution: 338.8

Solution: [1, 1, 1, 5, 5, 5, 7, 7, 7, 12, 12, 12, 12, 12, 12, 12, 12, 22, 22, 22, 22, 22, 22, 22, 27, 27, 27, 27, 27, 27, 34, 34, 34, 34, 34, 34, 34, 34, 40, 40, 40, 40, 47, 47, 47, 47, 47, 47, 47, 47, 52, 52, 52, 52]
Hubs:  [1, 34, 5, 7, 40, 12, 47, 52, 22, 27]
Cost of solution: 10092278.972040016
Time of solution: 341.5

Solution: [1, 1, 1, 5, 5, 5, 5, 5, 12, 12, 12, 12, 12, 12, 12, 12, 12, 22, 22, 22, 22, 22, 22, 22, 27, 27, 27, 27, 27, 27, 34, 34, 34, 34, 34, 34, 34, 34, 40, 40, 40, 40, 47, 47, 47, 47, 47, 47, 47, 47, 52, 52, 54, 54]
Hubs:  [1, 34, 5, 40, 12, 47, 52, 22, 54, 27]
Cost of solution: 9784122.296820013
Time of solution: 345.545

Solution: [2, 2, 2, 5, 5, 5, 7, 7, 7, 12, 12, 12, 12, 12, 12, 12, 12, 22, 22, 22, 22, 22, 22, 22, 27, 27, 27, 27, 27, 27, 34, 34, 34, 34, 34, 34, 34, 34, 40, 40, 40, 40, 47, 47, 47, 47, 47, 47, 47, 47, 52, 52, 52, 52]
Hubs:  [2, 34, 5, 7, 40, 12, 47, 52, 22, 27]
Cost of solution: 10512603.418420022
Time of solution: 337.705

Solution: [2, 2, 2, 5, 5, 5, 7, 7, 7, 12, 12, 12, 12, 12, 12, 12, 12, 22, 22, 22, 22, 22, 22, 22, 22, 22, 30, 30, 30, 30, 30, 30, 30, 30, 40, 40, 40, 40, 40, 40, 40, 40, 47, 47, 47, 47, 47, 47, 47, 47, 52, 52, 54, 54]
Hubs:  [2, 5, 7, 40, 12, 47, 52, 22, 54, 30]
Cost of solution: 10983992.291240022
Time of solution: 336.69

Solution: [1, 1, 1, 5, 5, 5, 5, 5, 12, 12, 12, 12, 12, 12, 12, 12, 12, 22, 22, 22, 22, 22, 22, 22, 27, 27, 27, 27, 27, 30, 30, 30, 34, 34, 34, 34, 34, 34, 40, 40, 40, 40, 47, 47, 47, 47, 47, 47, 47, 47, 54, 54, 54, 54]
Hubs:  [1, 34, 5, 40, 12, 47, 22, 54, 27, 30]
Cost of solution: 9532911.845820013
Time of solution: 398.27500000000003

Solution: [1, 1, 1, 6, 6, 6, 6, 6, 6, 12, 12, 12, 12, 12, 12, 12, 12, 22, 22, 22, 22, 22, 22, 22, 27, 27, 27, 27, 27, 27, 34, 34, 34, 34, 34, 34, 34, 34, 40, 40, 40, 40, 47, 47, 47, 47, 47, 47, 47, 47, 52, 52, 54, 54]
Hubs:  [1, 34, 6, 40, 12, 47, 52, 22, 54, 27]
Cost of solution: 9731447.752020018
Time of solution: 348.465

Solution: [1, 1, 1, 6, 6, 6, 6, 6, 6, 12, 12, 12, 12, 12, 12, 12, 12, 22, 22, 22, 22, 22, 22, 22, 27, 27, 27, 27, 27, 30, 30, 30, 34, 34, 34, 34, 34, 34, 40, 40, 40, 40, 47, 47, 47, 47, 47, 47, 47, 47, 54, 54, 54, 54]
Hubs:  [1, 34, 6, 40, 12, 47, 22, 54, 27, 30]
Cost of solution: 9480293.55482002
Time of solution: 401.195

Solution: [1, 1, 4, 4, 4, 7, 7, 7, 7, 12, 12, 12, 12, 12, 12, 12, 12, 22, 22, 22, 22, 22, 22, 22, 22, 22, 30, 30, 30, 30, 30, 30, 30, 30, 40, 40, 40, 40, 40, 40, 40, 40, 47, 47, 47, 47, 47, 47, 47, 47, 52, 52, 54, 54]
Hubs:  [1, 4, 7, 40, 12, 47, 52, 22, 54, 30]
Cost of solution: 10602839.46518002
Time of solution: 337.54

Solution: [2, 2, 2, 4, 4, 6, 6, 9, 9, 9, 9, 15, 15, 15, 15, 15, 15, 15, 22, 22, 22, 22, 22, 22, 22, 22, 30, 30, 30, 30, 30, 30, 30, 30, 30, 30, 30, 30, 30, 47, 47, 47, 47, 47, 47, 47, 47, 47, 47, 47, 52, 52, 54, 54]
Hubs:  [2, 4, 6, 9, 15, 47, 52, 22, 54, 30]
Cost of solution: 13796607.975779999
Time of solution: 335.595