distances = """0.00000	4.68000	7.38500	12.86100	17.67300	22.22000	29.36600	36.07600	44.14600	50.09300
    # 4.68000	0.00000	2.70800	8.19800	13.02100	17.57900	24.68600	31.41500	39.52700	45.49500
    # 7.38500	2.70800	0.00000	5.49400	10.32200	14.88300	21.98200	28.74000	36.89200	42.87900
    # 12.86100	8.19800	5.49400	0.00000	4.83000	9.39400	16.54300	23.43600	31.71400	37.74500
    # 17.67300	13.02100	10.32200	4.83000	0.00000	4.96400	12.25100	19.32400	27.73200	33.79700
    # 22.22000	17.57900	14.88300	9.39400	4.96400	0.00000	8.02500	15.31100	23.82700	29.90000
    # 29.36600	24.68600	21.98200	16.54300	12.25100	8.02500	0.00000	7.33500	15.86800	21.92800
    # 36.07600	31.41500	28.74000	23.43600	19.32400	15.31100	7.33500	0.00000	8.53200	14.59600
    # 44.14600	39.52700	36.89200	31.71400	27.73200	23.82700	15.86800	8.53200	0.00000	6.07500
    # 50.09300	45.49500	42.87900	37.74500	33.79700	29.90000	21.92800	14.59600	6.07500	0.00000
    # """
    # distances = list(map(float, distances.split()))
    # distances = np.array(distances).reshape(10, 10)